image_00000 225 264 243 295
image_00001 224 265 242 294
image_00002 224 263 244 294
image_00003 224 262 241 294
image_00004 224 261 244 297
image_00005 223 258 244 297
image_00006 222 258 244 296
image_00007 224 259 245 296
image_00008 223 259 246 296
image_00009 222 260 246 298
image_00010 221 259 247 298
image_00011 221 257 246 298
image_00012 220 258 246 299
image_00013 220 257 246 300
image_00014 220 237 249 300
image_00015 221 239 251 299
image_00016 220 236 251 300
image_00017 222 241 255 300
image_00018 221 239 255 300
image_00019 218 242 260 302
image_00020 217 244 262 301
image_00021 219 242 263 301
image_00022 217 242 261 302
image_00023 217 242 261 303
image_00024 217 243 261 303
image_00025 217 243 261 302
image_00026 217 243 264 303
image_00027 216 241 263 304
image_00028 233 242 264 304
image_00029 215 240 265 305
image_00030 235 241 263 305
image_00031 235 241 265 305
image_00032 236 242 265 305
image_00033 237 243 266 305
image_00034 239 242 266 305
image_00035 239 236 265 307
image_00036 239 234 270 306
image_00037 239 233 268 306
image_00038 238 233 269 306
image_00039 237 234 271 306
image_00040 238 235 270 307
image_00041 237 235 271 307
image_00042 237 237 272 307
image_00043 236 238 272 307
image_00044 234 237 273 307
image_00045 232 238 273 307
image_00046 233 237 269 305
image_00047 246 236 270 271
image_00048 248 235 271 270
image_00049 248 237 270 270
image_00050 249 236 270 266
image_00051 254 238 270 266
image_00052 256 237 270 265
image_00053 256 238 271 265
image_00054 256 239 270 264
image_00055 257 240 270 264
image_00056 257 243 270 263
image_00057 258 242 269 260
image_00058 258 241 268 259
image_00059 258 241 268 260
image_00060 258 240 268 259
image_00061 258 241 266 257
image_00062 257 241 266 257
image_00063 257 241 265 257
